0 1
0 5
1 0
1 2
1 10
1 20
2 3
2 5
2 21
3 4
3 10
3 32
3 37
3 43
3 47
4 5
4 28
4 32
4 38
4 45
5 0
5 6
5 11
5 20
6 0
6 3
6 7
6 15
6 42
7 5
7 8
7 10
7 15
7 23
8 0
8 5
8 9
8 27
8 42
8 46
9 5
9 10
9 12
9 23
10 11
10 15
10 16
10 26
11 12
11 17
12 0
12 6
12 13
12 20
12 45
13 5
13 14
13 15
13 25
13 34
14 0
14 4
14 5
14 10
14 15
14 37
15 3
15 5
15 16
15 17
15 36
16 17
16 32
17 0
17 15
17 18
18 13
18 19
19 20
19 25
20 3
20 21
21 1
21 10
21 22
21 51
22 5
22 10
22 23
23 20
23 24
23 28
24 0
24 10
24 15
24 16
24 25
25 10
25 15
25 26
25 46
26 5
26 27
27 0
27 5
27 13
27 20
27 22
27 26
27 28
27 44
28 20
28 29
29 0
29 15
29 18
29 30
29 46
30 15
30 31
30 32
30 35
31 1
31 30
31 32
32 6
32 15
32 20
32 33
33 0
33 10
33 28
33 34
33 38
34 0
34 5
34 10
34 28
34 35
34 48
34 49
35 0
35 10
35 36
35 42
36 10
36 37
37 35
37 38
38 0
38 5
38 10
38 12
38 15
38 20
38 39
39 40
40 0
40 3
40 5
40 10
40 19
40 20
40 32
40 41
41 34
41 42
42 10
42 31
42 41
42 43
43 0
43 20
43 44
44 0
44 15
44 45
45 31
45 46
46 15
46 31
46 44
46 47
46 50
47 20
47 34
47 48
48 5
48 10
48 11
48 15
48 34
48 49
49 0
49 8
49 10
49 50
50 15
50 30
50 51
51 0
51 10
51 19
51 26
51 35
51 52
52 0
52 4
