304 789
478 676
794 653
720 209
926 543
926 314
717 140
273 163
732 448
589 665
85 866
509 376
41 42
459 555
832 800
904 905
40 571
497 29
106 107
83 160
666 215
738 320
724 156
321 446
841 741
968 553
101 702
598 754
442 443
859 731
971 972
759 793
594 985
322 563
487 859
965 669
239 528
756 495
173 174
766 688
972 793
774 808
92 222
873 787
757 575
509 510
729 513
651 859
174 934
943 213
516 634
111 585
240 241
694 411
308 870
19 767
485 274
559 223
146 579
533 988
99 467
670 993
453 470
497 513
273 768
493 808
312 467
515 301
859 865
284 634
661 355
979 930
237 64
641 642
369 183
305 693
824 763
144 775
887 65
135 955
96 475
347 57
514 988
517 468
388 583
584 229
847 868
179 180
943 347
869 398
511 653
640 309
115 424
464 349
684 352
708 709
625 940
694 545
86 137
306 140
779 360
765 425
503 425
869 519
280 124
309 596
646 181
768 881
754 946
790 603
279 424
246 247
330 884
447 237
41 781
991 364
44 786
861 254
575 422
649 371
726 66
492 653
472 186
109 134
54 198
783 307
377 851
251 483
457 551
673 849
313 314
700 723
836 89
426 191
529 841
78 676
482 500
595 377
600 721
848 594
378 379
319 738
229 27
492 895
907 908
886 31
566 615
874 731
660 250
945 611
655 549
89 397
204 384
806 718
597 315
886 152
51 519
440 331
445 446
579 675
431 511
109 497
995 324
654 31
931 605
328 275
781 782
836 452
788 906
6 116
179 569
332 811
472 791
579 688
11 167
849 283
577 578
661 986
783 683
163 975
721 219
50 51
481 237
34 457
115 116
805 334
391 694
644 645
647 391
661 60
965 966
886 407
679 868
167 168
976 337
461 645
447 747
144 938
6 250
418 689
239 946
182 183
808 874
761 762
21 989
179 114
915 448
874 410
287 879
841 233
543 576
906 399
479 820
518 519
774 179
13 761
256 253
42 1
888 695
468 109
709 235
516 823
703 649
513 525
316 654
163 183
314 315
603 189
819 982
804 593
190 959
205 530
366 367
765 601
99 777
727 117
519 316
92 774
111 787
744 434
381 382
854 831
702 703
707 781
163 425
187 782
168 503
80 390
902 993
16 900
556 356
671 77
827 590
381 732
788 598
801 308
498 499
534 193
465 93
690 440
5 337
266 378
255 256
458 90
819 298
499 845
348 447
834 835
592 26
800 958
29 852
288 783
202 743
899 442
820 563
823 309
396 730
597 491
349 389
901 902
407 101
467 152
257 571
535 781
609 730
103 104
273 515
61 632
895 40
523 397
886 220
834 30
423 984
982 719
118 119
439 440
744 810
348 810
309 330
787 628
481 292
159 278
589 91
632 461
301 627
210 997
741 862
595 579
235 236
166 402
959 38
804 164
231 531
212 289
647 217
108 168
101 946
830 338
571 572
609 864
61 995
470 934
745 873
74 705
456 770
22 249
32 708
302 303
99 240
314 128
164 598
236 703
879 580
87 122
859 867
559 346
638 639
5 726
729 757
85 426
533 293
445 180
826 811
549 8
210 542
91 362
509 875
528 888
622 752
176 177
508 650
687 652
704 67
845 6
631 757
901 352
199 834
656 521
799 75
625 942
69 724
917 296
191 192
707 486
187 716
770 771
238 947
319 606
811 314
995 889
323 496
82 141
202 435
432 897
485 531
261 786
159 775
214 445
308 309
76 740
872 122
390 378
837 838
997 827
83 901
55 802
39 40
778 379
831 242
79 378
371 486
128 499
422 717
379 81
620 961
642 720
673 33
7 209
375 376
769 532
229 258
112 676
468 311
367 902
744 623
250 88
480 779
502 43
825 962
727 427
782 97
446 148
620 35
797 82
697 898
507 508
313 679
454 389
546 621
843 844
545 921
56 464
880 911
45 46
468 674
354 801
812 218
165 636
550 218
247 446
574 575
257 639
2 349
296 567
223 991
975 626
548 293
551 793
620 398
910 911
99 403
112 113
370 637
585 562
755 744
975 976
328 411
23 300
215 470
440 817
801 42
603 57
291 465
907 697
370 529
626 226
144 711
768 804
405 752
628 6
275 642
891 874
393 863
696 406
517 175
16 647
673 651
244 245
805 578
791 643
211 68
625 876
12 124
36 481
578 535
732 184
811 477
580 581
623 951
939 928
818 638
460 930
978 361
215 604
311 312
149 250
503 482
121 188
647 648
559 535
177 204
567 130
402 551
66 602
391 133
57 782
604 951
855 533
712 713
421 12
758 600
689 766
576 71
402 672
567 251
456 383
673 906
172 331
898 243
779 780
488 79
816 847
671 429
700 901
593 775
660 307
986 706
995 31
96 908
892 549
317 318
508 852
396 382
201 372
724 147
901 783
846 847
803 211
522 198
183 503
269 506
513 903
64 811
48 49
829 614
961 770
854 378
396 503
941 37
803 332
352 167
384 385
351 208
833 211
512 799
890 193
625 676
881 373
181 699
88 508
449 450
129 280
569 286
770 276
978 979
241 457
552 53
629 44
80 997
793 152
127 291
426 853
825 104
434 219
632 463
403 640
917 861
516 517
366 987
567 977
323 122
518 563
163 106
421 630
531 273
137 871
560 974
882 759
935 622
852 853
48 304
953 410
271 53
54 55
658 987
133 348
504 520
583 813
583 584
512 115
654 464
733 757
313 171
648 649
937 523
898 43
25 414
121 122
682 418
700 701
607 244
772 577
939 754
414 869
554 354
41 772
683 10
956 105
806 575
130 63
715 716
180 823
156 200
450 418
675 536
582 308
563 66
559 590
113 998
154 770
980 583
350 187
262 74
828 485
253 254
382 139
502 729
505 475
78 667
26 211
769 521
991 368
13 952
567 306
751 881
429 601
589 590
88 308
117 780
40 496
866 80
320 321
540 324
111 147
346 953
929 779
855 601
478 614
385 386
495 29
385 157
431 273
697 658
158 380
135 396
102 219
635 948
437 438
341 501
285 569
813 725
899 728
164 279
461 502
347 666
483 32
667 607
452 453
773 774
167 735
184 904
941 92
932 43
692 556
637 620
525 150
788 789
820 970
474 333
413 94
377 171
633 97
984 849
990 371
847 551
54 686
72 703
610 86
326 327
498 811
606 610
707 167
789 502
603 46
701 389
57 58
906 498
636 637
268 241
741 690
980 972
992 43
138 397
436 993
972 973
367 341
174 175
410 711
740 586
518 510
798 564
295 172
281 8
916 290
527 478
21 872
62 644
728 468
425 467
189 190
884 752
87 408
510 511
334 56
143 488
638 696
836 940
448 535
704 232
525 526
514 108
772 632
496 468
620 763
172 78
393 986
696 529
42 5
11 655
252 781
308 124
291 480
700 648
963 55
63 64
376 524
240 663
515 602
381 373
494 250
480 352
578 658
421 940
584 409
952 347
373 374
464 529
785 584
618 178
697 471
130 131
770 720
709 710
267 365
676 533
170 432
205 655
724 725
686 433
233 902
247 248
674 86
118 97
725 546
250 253
771 662
306 333
947 595
680 251
262 263
556 481
841 842
624 90
16 207
59 843
632 439
771 554
953 36
180 315
603 677
841 734
189 808
868 608
510 900
986 600
301 497
908 909
490 921
245 565
111 336
489 962
110 111
333 385
522 92
613 439
866 619
953 507
713 791
978 42
446 447
281 639
895 44
622 151
766 802
40 698
884 794
175 334
461 462
739 147
684 211
87 221
713 683
578 229
784 563
799 871
287 696
312 460
9 688
702 157
578 579
55 538
855 106
505 222
846 286
914 915
950 343
427 302
913 461
435 422
811 184
645 646
593 227
450 407
185 890
739 281
973 219
780 53
133 242
950 464
46 997
729 990
686 125
981 982
136 661
43 433
817 56
920 706
156 310
856 987
183 184
546 7
615 366
914 928
339 431
471 358
820 475
613 936
85 551
919 225
893 990
198 199
791 942
832 714
119 320
471 708
127 669
572 531
823 113
539 879
351 828
560 184
315 316
7 200
383 716
565 198
396 426
186 616
583 252
560 534
944 2
651 652
105 893
204 606
245 378
861 381
520 842
382 383
24 675
913 19
521 434
801 717
870 322
925 29
718 719
162 501
258 963
710 306
693 662
285 571
288 842
123 280
672 953
92 149
661 40
323 984
338 555
128 745
797 86
785 786
384 442
612 40
152 55
570 568
532 276
850 851
41 224
784 497
486 574
954 679
52 53
544 515
15 171
226 620
437 574
93 764
965 959
388 389
104 630
665 697
959 915
86 990
370 520
917 918
612 53
176 920
861 757
119 120
894 153
94 63
718 156
527 588
492 338
781 212
590 644
538 225
455 456
235 187
656 446
386 585
372 687
620 523
913 516
546 988
16 530
186 187
547 395
194 536
4 641
102 947
917 113
554 61
210 251
171 0
522 523
57 652
370 883
53 947
588 59
493 990
166 595
441 534
587 588
69 891
210 601
306 80
789 988
89 82
140 542
52 429
184 585
753 247
923 924
290 257
720 70
807 712
270 773
289 786
619 661
125 126
989 231
204 190
369 257
374 601
322 411
864 465
993 350
673 897
654 655
487 478
318 706
222 732
500 188
340 953
719 720
691 658
622 824
990 991
575 712
826 65
965 409
192 193
783 368
523 966
875 371
591 612
840 350
602 707
786 787
734 597
590 323
669 387
259 260
732 672
195 733
704 610
289 102
71 145
324 325
439 312
274 504
2 45
62 325
853 854
130 496
240 102
768 487
773 602
121 676
895 33
308 502
55 56
5 464
894 74
712 851
660 661
32 338
376 902
744 803
38 89
348 803
664 551
553 454
391 392
826 320
559 205
970 971
753 744
696 210
118 233
589 84
687 390
291 161
769 954
103 339
884 675
483 102
727 728
942 616
697 31
179 859
831 785
275 567
633 46
242 390
724 393
913 329
985 434
624 226
257 927
520 105
943 208
7 523
511 285
810 618
366 870
754 686
372 392
644 814
31 62
248 585
523 524
583 575
533 983
589 326
481 298
300 223
140 5
883 49
346 110
301 862
332 175
246 926
111 701
524 116
87 115
6 419
515 296
859 860
207 180
430 454
990 791
61 62
737 116
516 871
227 768
590 591
367 519
386 532
950 345
397 398
574 997
443 514
319 707
869 622
313 175
851 753
923 629
128 129
675 756
45 360
587 414
707 708
862 353
608 702
849 828
993 284
723 460
341 358
136 892
781 630
791 823
464 465
832 595
596 584
460 989
653 889
823 812
885 229
642 471
597 994
996 474
567 297
493 119
333 884
452 81
121 476
392 710
321 12
734 181
548 957
973 463
558 184
744 374
269 81
637 248
408 425
260 261
958 74
355 535
668 995
809 705
700 947
104 135
92 835
596 597
866 192
774 603
851 69
154 895
245 259
930 887
809 597
327 328
142 777
233 141
646 310
525 20
134 135
922 888
77 567
190 444
768 192
663 664
671 488
965 706
559 18
578 31
536 34
436 850
986 765
650 550
411 39
516 92
543 195
952 888
974 152
184 787
201 202
574 447
780 781
546 614
637 503
631 200
345 560
240 278
763 319
4 267
4 38
28 395
795 796
84 970
435 224
307 978
40 634
636 628
106 170
181 987
922 204
182 165
743 498
522 499
333 334
57 170
746 917
64 65
253 755
196 221
779 276
198 1
566 168
717 566
768 797
400 401
773 912
386 466
680 684
102 707
979 980
661 176
564 738
339 125
173 358
818 510
804 346
174 179
124 587
234 984
517 518
847 689
532 533
843 166
946 816
77 367
151 841
402 423
302 485
192 879
61 130
630 287
547 518
179 122
750 877
824 826
445 12
596 410
177 197
70 71
493 174
223 313
98 547
860 870
879 883
571 767
906 986
832 771
758 593
255 238
331 785
347 241
489 819
971 593
2 960
979 188
538 711
137 138
885 526
904 539
716 717
907 19
67 308
972 414
195 722
61 264
410 381
979 309
693 706
495 196
32 206
6 971
802 649
576 306
254 255
910 596
858 140
269 270
705 837
228 912
997 191
341 789
321 322
469 974
250 378
816 264
752 774
238 324
609 725
120 268
846 143
975 782
135 805
474 271
501 145
905 723
456 631
743 432
208 273
34 386
694 395
83 278
611 397
308 625
118 464
453 454
692 736
585 381
265 928
953 511
655 854
171 741
685 733
191 161
793 266
789 790
691 218
968 792
990 551
255 856
753 49
906 328
904 218
960 793
485 271
600 221
13 690
692 978
389 977
585 623
141 875
134 687
659 572
810 970
170 115
856 857
78 526
620 580
380 110
58 59
921 922
613 806
919 95
962 694
993 44
242 755
528 883
90 886
530 929
818 578
988 989
802 570
81 19
493 229
302 661
190 191
336 16
267 182
263 935
414 875
758 648
210 550
526 527
488 6
80 440
9 8
649 597
511 892
924 307
910 409
239 204
968 350
257 258
587 887
702 645
17 542
553 256
138 14
470 258
593 594
963 127
312 840
45 725
661 728
683 487
177 615
688 602
958 197
913 949
435 910
658 659
840 407
757 143
564 14
230 663
13 140
994 995
502 38
424 384
224 30
332 795
872 251
500 608
407 151
830 254
159 86
725 726
283 795
456 457
894 131
605 28
651 898
448 44
628 914
263 264
306 863
782 563
586 688
792 793
45 41
671 503
965 721
701 382
744 981
145 164
398 344
482 981
857 858
72 588
400 390
904 152
181 989
330 331
27 293
440 462
255 682
637 747
530 621
395 396
386 576
634 449
499 224
924 925
178 812
126 127
731 732
939 681
507 987
37 809
598 122
895 574
647 509
462 463
880 222
539 683
451 45
869 558
855 394
893 686
815 995
185 599
193 194
798 799
490 646
677 509
346 638
938 284
0 1
222 602
934 579
268 718
529 530
288 175
141 125
36 597
339 369
788 232
738 640
476 640
880 464
594 595
979 177
920 536
725 297
334 412
67 68
449 887
865 48
930 931
583 69
132 133
464 643
101 554
138 887
661 662
721 713
788 474
765 490
985 759
468 469
41 136
335 88
882 486
997 998
467 15
546 308
91 667
199 200
710 941
667 305
168 621
603 778
792 714
742 893
162 318
635 767
527 968
831 413
944 61
467 136
95 493
544 90
535 536
315 267
655 601
515 32
735 72
243 98
437 378
900 139
27 214
266 267
159 141
563 490
475 377
865 532
604 262
755 660
581 773
617 201
601 193
331 332
105 26
778 563
602 603
43 868
60 283
932 212
321 324
670 966
315 509
184 26
399 917
667 668
179 850
957 915
674 563
868 843
505 791
646 730
329 794
398 399
747 553
991 913
70 799
827 24
703 217
326 267
942 499
205 206
910 961
944 545
734 735
230 155
791 451
423 55
405 910
264 934
758 45
129 517
614 266
905 738
560 969
32 584
980 94
420 400
272 273
93 5
202 177
441 459
661 462
657 757
908 339
545 287
3 4
829 46
550 402
99 466
481 531
866 867
736 757
741 872
68 69
331 708
582 61
532 469
129 759
494 177
490 472
89 128
247 751
66 410
921 695
566 467
404 405
472 51
417 115
933 934
353 359
380 462
113 872
135 136
988 52
970 183
510 693
271 182
928 940
694 773
683 355
110 493
471 472
589 693
489 755
625 121
291 770
974 9
675 881
563 411
804 537
353 601
798 988
908 594
9 10
742 827
33 367
19 432
487 308
258 485
151 93
721 889
287 139
603 604
952 758
157 29
641 78
147 738
343 421
320 437
655 656
311 846
980 712
283 784
381 797
670 671
278 561
37 206
498 564
262 553
105 81
929 787
379 320
687 207
208 209
232 566
347 553
787 788
79 967
775 441
200 210
353 977
640 216
370 392
315 456
669 688
534 500
754 503
129 451
430 379
160 518
946 444
896 852
503 103
663 92
714 552
833 503
893 554
12 805
617 619
340 341
22 180
421 451
808 860
770 339
830 390
998 203
103 519
392 393
554 980
970 104
345 806
813 157
83 806
542 862
495 750
662 927
407 408
260 883
506 121
359 862
188 226
927 794
645 815
660 157
524 525
285 14
583 876
657 825
25 585
685 106
860 861
524 417
460 927
226 760
50 763
69 776
707 767
55 841
591 592
393 873
673 890
253 304
492 586
349 12
464 524
674 68
20 776
216 422
390 309
964 581
110 669
927 928
402 777
429 651
608 653
580 820
129 130
146 70
743 60
651 471
64 674
485 933
913 885
144 145
713 302
694 23
231 33
404 715
161 728
436 667
969 120
570 374
216 785
422 890
665 382
200 23
386 967
714 244
790 791
403 382
62 89
480 602
750 197
724 962
424 670
597 598
318 954
739 947
178 385
174 909
635 72
838 660
158 672
612 88
903 560
328 329
176 726
312 321
215 388
902 308
668 141
315 740
664 665
86 688
315 511
87 95
718 901
565 393
399 101
244 981
789 552
579 971
761 453
857 915
502 458
992 93
798 493
108 46
242 275
217 218
43 294
287 920
631 501
796 797
276 273
799 48
96 571
449 460
316 574
32 586
572 42
527 528
387 225
320 989
502 471
959 158
334 335
127 530
863 864
121 227
678 818
172 946
65 66
855 222
925 924
347 984
928 929
293 418
745 993
321 931
658 287
630 225
401 402
855 572
874 585
717 638
775 54
954 56
904 464
983 757
18 371
785 284
999 701
591 647
135 367
995 996
38 471
425 880
79 243
387 359
406 372
282 831
700 819
626 641
197 198
541 8
785 634
109 122
983 878
465 952
986 395
793 754
397 754
292 472
462 883
130 181
462 654
506 660
800 878
533 534
657 75
249 775
703 945
641 67
546 244
856 406
493 354
56 316
75 366
264 265
453 955
869 870
126 560
826 5
244 552
954 419
71 72
983 891
843 588
141 316
110 737
600 601
765 668
924 661
101 853
665 666
293 794
804 781
936 937
865 468
138 139
448 853
874 961
607 846
390 848
448 35
577 445
580 191
477 507
241 496
34 203
925 145
572 781
713 720
732 733
864 889
267 670
167 732
141 679
320 681
840 653
983 207
270 271
793 312
79 740
799 800
599 217
669 919
903 857
736 451
199 512
276 207
1 2
653 682
209 971
606 607
931 138
437 569
270 392
863 677
911 425
337 338
464 379
841 100
956 841
543 443
741 687
653 803
240 405
859 908
193 64
834 97
402 403
407 518
94 58
373 116
309 626
827 323
147 298
350 923
362 223
157 757
933 978
231 706
124 580
50 402
568 99
738 739
215 698
788 331
163 279
94 408
586 116
424 54
773 208
324 641
673 758
117 577
557 583
249 467
469 470
964 678
21 51
974 642
834 339
591 352
720 991
310 827
24 470
805 806
115 359
235 424
9 872
212 706
7 8
418 811
972 165
586 129
536 537
429 411
874 532
901 635
343 344
419 891
666 997
432 830
413 588
764 108
568 462
872 873
254 6
424 417
140 429
971 586
933 65
74 75
937 938
325 825
865 281
504 827
37 129
572 473
157 194
475 476
153 196
476 886
820 659
259 363
536 900
455 9
745 256
872 297
206 207
701 415
379 135
697 710
191 609
66 843
675 133
895 136
281 502
542 543
982 815
404 838
827 941
662 608
5 338
239 505
100 841
599 259
698 9
779 900
256 859
273 274
504 143
533 844
247 258
394 914
683 788
609 610
29 35
631 369
507 562
18 105
556 720
674 675
729 382
806 77
403 626
389 728
855 198
423 46
570 739
726 727
894 311
374 46
852 839
866 737
998 139
815 920
271 39
741 742
639 731
950 327
119 170
377 465
707 340
691 103
462 280
86 932
246 921
419 583
279 280
281 878
917 42
46 981
668 506
448 237
461 930
10 11
460 971
395 347
231 653
129 871
499 404
206 825
803 815
151 889
383 229
346 347
951 161
533 173
925 926
51 133
693 162
6 656
782 877
215 766
110 484
760 566
961 327
302 425
33 237
38 581
981 979
62 938
239 76
20 712
496 641
866 174
463 464
978 415
0 999
70 240
204 240
396 181
525 820
5 259
225 299
478 479
813 698
725 585
372 992
931 690
40 253
678 244
535 461
590 131
581 577
311 716
957 598
814 815
616 305
323 955
367 998
16 17
55 911
823 231
239 439
698 990
467 303
794 469
397 769
295 721
83 84
662 663
299 611
598 907
99 28
398 324
227 442
149 788
854 311
998 999
960 478
786 850
200 201
444 332
177 971
511 93
601 23
998 891
215 216
899 848
536 42
959 899
35 514
85 106
277 47
731 254
551 552
377 628
660 953
219 456
912 679
111 630
861 862
102 810
430 383
385 869
388 386
527 464
869 430
992 271
212 574
843 148
399 400
788 212
807 225
889 264
816 459
673 410
623 818
860 502
156 120
735 736
730 392
900 803
413 456
922 562
338 807
589 389
291 466
929 228
750 751
970 229
607 177
813 282
78 587
397 340
908 290
476 633
844 800
452 239
374 356
520 410
979 170
712 351
271 349
352 8
799 468
288 289
241 177
867 868
36 711
598 599
491 473
835 283
931 516
86 424
996 645
27 783
932 889
854 3
797 701
382 193
934 935
136 137
609 586
928 73
944 283
151 381
151 152
830 181
472 473
560 357
486 142
527 143
664 414
898 352
366 720
268 148
204 658
667 419
694 27
14 268
537 309
248 206
487 488
41 142
612 897
931 879
67 316
774 666
801 769
694 148
154 140
25 26
604 605
31 972
365 94
499 30
707 208
335 336
734 836
753 849
500 669
940 941
751 22
855 79
341 797
671 672
247 381
539 489
750 672
556 843
265 105
209 210
300 328
109 797
300 99
258 331
406 0
493 908
534 680
441 223
224 225
247 852
803 804
51 940
342 860
404 277
607 111
244 59
276 277
206 935
259 44
206 706
624 465
341 342
506 409
870 871
474 871
785 504
848 560
196 634
72 73
812 637
779 460
677 678
601 804
408 409
463 116
494 183
416 758
8 704
347 170
976 866
11 480
2 889
759 114
112 532
993 281
877 335
294 14
16 6
790 595
80 435
181 487
654 936
129 68
146 237
184 529
166 889
439 1
67 129
540 541
815 251
565 76
248 140
323 957
13 14
106 959
876 877
821 941
688 826
306 495
540 433
78 79
916 949
955 123
248 261
179 427
509 302
607 608
473 379
899 487
496 777
241 487
414 415
295 723
460 302
350 430
933 485
943 944
98 852
905 423
566 957
421 310
794 592
145 146
801 716
529 257
92 256
539 423
577 678
562 326
212 213
690 740
289 396
638 321
762 616
178 565
238 616
384 670
174 860
475 788
277 278
621 88
172 750
106 396
598 104
157 627
938 963
137 914
613 614
398 689
818 494
992 152
625 624
52 991
344 345
369 109
238 858
636 638
372 794
680 681
986 199
513 275
499 340
195 114
458 982
648 813
598 238
386 584
463 279
231 710
108 576
710 910
572 222
264 69
508 466
814 738
291 697
816 582
122 888
20 877
238 53
563 338
212 818
812 813
531 571
228 762
8 530
603 410
687 818
599 934
14 15
645 821
836 123
35 74
955 983
375 179
177 423
58 243
350 351
508 708
396 238
79 302
547 407
879 880
877 282
352 131
510 754
81 82
297 875
619 660
839 929
209 533
138 64
556 577
415 372
509 236
423 950
385 429
417 418
785 585
996 997
282 193
12 369
699 252
905 357
506 611
170 662
421 244
385 321
679 539
133 780
771 542
80 624
704 717
872 301
822 709
239 388
397 8
21 660
981 473
549 550
263 193
722 478
395 83
125 259
961 760
792 722
28 326
594 966
592 368
671 661
575 724
289 330
762 779
290 969
885 886
31 974
375 555
139 507
87 88
460 599
307 91
386 384
61 624
616 617
101 925
445 735
54 850
902 422
305 203
654 320
7 509
783 730
264 808
363 787
99 448
519 805
154 155
733 734
241 797
282 569
693 140
428 623
466 915
846 153
331 461
14 754
826 669
821 325
560 964
980 89
663 382
952 27
695 334
361 983
906 554
975 913
157 695
28 810
205 214
382 813
994 374
13 687
913 449
784 564
61 169
388 335
85 297
286 287
766 924
791 688
433 980
367 626
152 701
50 690
163 338
908 455
397 276
622 623
786 465
211 234
679 339
893 39
353 354
900 752
628 293
793 626
55 660
932 933
438 169
999 465
104 818
88 285
469 650
689 690
53 183
824 60
289 719
810 162
405 113
102 75
668 752
984 463
249 768
156 311
95 301
909 814
260 368
91 596
806 807
402 717
85 781
341 478
179 416
533 648
817 178
627 54
665 309
687 68
331 958
100 537
821 822
67 360
344 897
471 938
259 301
567 417
171 188
23 24
798 57
901 936
106 961
818 938
431 492
785 761
227 204
199 371
359 360
309 14
140 730
110 33
762 484
839 179
90 91
57 143
164 40
934 187
669 670
595 492
507 608
469 87
485 68
514 540
426 427
44 325
323 154
755 602
675 313
726 544
559 138
256 100
863 549
589 17
370 616
222 223
543 544
669 683
851 431
702 308
402 46
558 559
117 557
511 218
698 310
37 564
396 911
745 799
198 926
453 627
21 970
897 146
828 275
650 912
287 860
903 863
54 100
790 168
430 616
327 932
941 566
406 407
423 347
552 232
244 116
818 617
166 462
568 442
432 581
163 164
440 930
407 753
173 586
498 117
742 743
575 337
678 987
846 571
450 342
721 805
757 758
545 350
691 404
742 635
575 229
850 168
280 281
400 871
449 992
89 191
44 943
971 808
295 296
286 476
962 759
874 875
998 453
184 465
948 861
965 505
557 710
137 124
546 292
491 356
623 246
265 538
559 756
941 821
347 348
810 109
613 992
520 764
933 179
19 482
547 638
280 294
450 705
343 579
381 834
54 476
159 4
761 72
941 942
705 931
600 649
691 767
61 600
94 548
102 143
143 144
136 141
370 79
340 136
479 480
823 290
448 901
52 672
970 717
627 351
608 72
403 606
494 495
664 418
655 827
232 495
190 498
601 69
23 92
936 59
17 18
456 617
662 722
99 87
753 611
651 829
546 547
843 770
722 480
735 190
611 612
523 270
21 783
164 337
585 367
84 85
538 255
268 165
309 203
947 948
424 907
56 511
792 845
119 42
701 434
981 717
580 373
678 679
26 753
664 781
860 427
59 149
928 561
656 139
518 663
279 152
798 488
806 83
663 263
310 633
943 317
595 802
216 217
395 448
317 794
745 746
784 674
247 735
204 99
338 853
935 843
816 397
635 322
510 556
307 227
191 281
275 918
972 92
858 744
452 56
130 42
863 859
283 284
462 515
990 671
520 456
516 980
626 623
607 344
190 995
9 920
264 944
246 338
655 277
195 292
723 448
304 464
249 528
684 685
384 164
852 269
501 749
44 998
149 297
32 944
787 288
267 518
33 351
415 416
120 764
92 931
183 295
171 995
832 475
852 390
329 349
334 464
931 454
820 586
421 877
751 752
713 231
170 706
160 18
164 137
871 524
482 483
86 254
521 411
297 703
185 196
548 19
200 999
818 819
439 234
628 658
750 126
20 21
283 660
364 319
708 129
883 884
721 68
984 707
886 135
743 352
817 301
151 440
221 950
123 378
866 422
790 841
609 766
862 946
570 545
528 548
299 725
421 422
459 714
412 602
472 653
90 322
131 94
950 951
683 836
29 83
521 545
152 153
157 268
932 264
968 712
751 189
333 201
971 192
596 840
260 625
912 551
645 436
488 489
457 910
345 440
496 84
578 153
35 628
219 220
926 836
594 97
236 389
547 22
157 510
105 320
281 805
745 909
936 248
399 272
545 326
555 556
756 546
21 851
577 803
692 790
635 256
184 320
361 919
772 490
188 210
620 621
652 839
638 675
512 41
305 502
682 223
943 493
57 400
230 328
956 957
450 102
88 918
262 805
418 793
158 159
743 849
581 33
302 581
971 447
687 688
379 572
778 52
948 729
915 552
698 554
311 293
913 627
385 996
864 442
415 121
678 989
709 339
514 329
225 226
538 457
920 522
455 688
207 586
480 452
3 527
453 763
439 865
845 55
888 691
98 535
454 170
643 106
632 176
138 873
348 188
292 293
880 692
425 822
357 358
544 184
886 887
589 866
369 368
102 253
855 756
693 694
142 591
703 887
539 227
284 940
628 713
342 356
605 995
424 425
262 363
343 473
40 664
580 120
692 361
155 422
105 830
760 761
105 12
666 79
349 372
963 531
44 261
637 546
843 880
213 484
168 970
815 552
226 423
957 901
36 33
459 890
151 508
51 570
916 311
353 908
912 606
29 30
175 84
240 442
455 138
892 893
496 139
332 970
738 197
94 95
599 496
623 624
15 216
960 660
430 431
168 165
959 960
761 450
621 147
161 162
288 203
944 773
132 629
715 684
338 734
62 570
549 917
750 907
473 104
497 498
244 281
203 280
636 576
152 463
239 876
259 37
591 510
536 345
195 52
81 704
777 673
293 294
114 63
0 981
172 4
528 871
297 450
550 630
589 558
351 915
833 689
629 630
768 974
747 97
501 630
804 402
383 574
527 767
360 361
654 579
681 682
645 759
662 174
307 700
675 638
317 930
334 345
740 767
430 807
70 235
223 477
75 350
696 697
157 123
217 928
382 241
165 243
822 284
483 818
689 923
627 45
656 746
702 633
999 819
897 808
446 118
580 872
346 705
234 235
409 990
813 814
764 400
554 590
589 813
28 251
828 829
277 955
299 714
454 359
46 305
275 128
662 537
321 244
911 46
899 709
30 31
117 185
716 773
535 469
464 0
880 881
190 434
317 475
881 288
162 372
244 670
426 418
964 996
530 475
208 195
194 260
617 134
703 137
653 545
441 137
83 429
138 365
97 98
611 548
418 419
707 27
211 614
324 491
274 899
348 619
755 714
433 434
42 778
744 30
904 19
80 804
215 440
289 389
688 135
335 505
121 24
169 738
348 969
833 260
540 910
786 148
644 738
988 548
143 456
762 959
550 551
417 961
140 158
833 610
733 672
216 153
37 676
133 384
565 566
867 379
160 517
523 569
586 100
572 202
434 497
617 618
331 749
559 384
696 389
640 457
693 320
155 156
769 86
416 456
591 457
30 649
489 446
47 64
828 629
126 357
742 626
943 616
296 805
970 224
170 171
689 736
245 988
749 750
358 865
279 343
815 57
641 695
19 123
197 129
782 819
702 796
334 400
232 123
493 393
801 280
634 103
999 524
873 385
816 817
594 704
847 921
203 590
230 693
409 695
968 393
887 468
441 876
692 229
647 981
697 573
432 827
879 55
777 44
966 468
439 988
738 52
798 103
354 355
285 255
133 652
477 425
656 693
174 653
530 288
985 50
109 645
744 890
730 992
145 73
477 546
265 892
325 943
867 997
182 894
139 29
402 897
441 71
432 22
43 964
555 358
486 487
524 779
683 543
411 84
516 137
125 481
204 774
586 610
565 487
960 528
822 823
868 710
596 776
921 307
136 266
736 490
433 718
553 554
748 995
580 135
117 145
889 890
887 26
422 192
91 92
75 84
660 774
954 955
720 788
670 967
673 447
943 79
506 41
216 208
686 911
928 444
5 927
485 140
779 321
431 806
869 480
479 739
694 627
293 283
821 439
210 285
223 224
135 111
472 965
85 290
439 788
52 113
103 344
736 745
997 786
111 693
854 737
513 444
788 383
559 560
437 863
619 345
589 439
227 760
290 291
818 676
665 168
427 296
432 640
798 963
911 611
626 627
750 922
789 96
753 173
106 591
708 925
730 455
691 692
424 348
575 517
742 694
778 351
19 299
360 363
733 874
984 456
225 404
235 597
651 512
942 984
764 160
939 161
228 823
999 700
376 694
758 759
95 415
246 584
105 645
704 644
778 593
396 528
216 826
351 233
296 297
972 580
994 864
452 315
825 826
281 433
76 967
27 28
164 262
890 928
463 824
790 724
91 723
603 834
804 70
749 134
224 20
363 364
41 84
10 734
920 955
858 77
462 77
445 662
599 311
428 429
892 829
823 241
878 665
957 958
561 729
294 614
311 29
115 908
751 72
489 72
764 765
752 711
628 904
50 375
726 658
270 378
850 724
163 23
495 496
775 550
140 39
90 447
959 896
706 716
274 793
544 388
307 152
456 918
831 832
690 856
641 442
33 34
888 548
274 914
134 611
125 791
562 563
326 552
288 260
842 846
859 786
927 661
330 442
89 50
898 899
712 214
629 445
842 738
100 101
382 982
113 794
963 964
355 327
398 926
286 456
398 697
117 684
882 221
185 818
694 695
255 96
383 510
971 680
200 574
766 985
19 233
351 743
781 556
332 464
743 35
290 467
231 826
573 526
232 233
3 410
583 985
556 330
907 816
138 985
568 569
328 62
562 0
214 485
299 300
124 942
31 485
108 934
364 365
61 364
635 636
511 829
538 932
669 368
567 586
894 752
121 765
294 427
435 137
784 291
896 532
789 406
431 432
324 306
752 753
283 948
226 414
562 134
355 824
186 786
900 129
941 130
767 768
882 489
627 236
706 529
202 730
488 306
152 91
9 308
286 845
124 29
382 553
32 440
723 294
305 306
57 204
800 248
571 425
260 563
502 325
396 838
358 317
36 37
514 830
660 884
899 900
929 254
604 494
172 800
101 102
629 258
529 320
372 373
951 952
696 433
916 207
544 564
301 843
411 449
406 105
741 849
758 264
307 328
966 967
437 623
944 656
168 169
457 43
498 44
489 490
691 210
678 685
409 497
304 215
156 51
240 688
419 919
504 505
834 151
192 913
410 52
484 38
93 116
814 438
851 963
519 224
937 737
794 200
446 914
840 841
298 521
105 392
707 689
430 677
765 401
467 973
42 43
990 785
770 516
539 849
106 701
400 919
596 565
964 732
876 619
876 390
311 581
467 865
869 616
456 181
676 450
139 999
309 693
216 465
109 110
95 175
329 113
611 994
688 689
783 283
75 462
388 693
117 873
538 866
629 984
703 704
23 945
12 298
446 1
858 174
188 645
293 661
241 242
614 753
953 182
416 997
391 415
181 605
685 404
229 124
449 127
51 266
541 130
904 707
329 476
444 426
339 898
81 145
909 233
735 117
126 790
933 361
662 770
784 238
335 146
887 888
233 364
54 887
263 14
194 143
875 770
295 949
983 74
798 523
425 426
981 415
874 23
366 785
992 15
699 436
360 970
303 436
514 656
555 657
440 441
517 136
348 852
810 654
314 975
262 785
831 713
776 777
187 382
159 549
49 677
649 147
286 95
714 542
320 911
564 719
581 134
526 198
599 676
893 894
659 727
594 103
511 563
593 373
271 93
87 272
215 686
779 499
624 625
792 209
575 211
271 214
823 956
505 152
960 961
843 147
265 170
239 935
567 212
911 776
162 163
368 39
280 155
142 450
345 809
689 619
614 445
397 676
177 178
435 702
825 628
16 984
654 746
76 769
57 527
795 456
126 361
836 228
643 99
524 636
973 499
95 230
279 576
513 514
806 507
327 472
872 43
533 348
675 697
310 10
893 102
678 177
507 295
116 410
295 641
71 933
630 631
809 633
566 875
148 133
693 687
577 246
174 536
628 706
67 181
361 362
824 123
227 133
983 116
504 118
55 26
697 698
654 62
755 639
429 654
528 596
275 187
27 85
59 828
978 832
582 832
752 526
117 15
571 185
543 352
581 644
811 840
822 935
275 308
250 251
764 701
829 830
958 486
746 832
529 80
787 604
587 250
778 784
993 709
817 712
588 889
946 368
333 370
663 16
398 499
921 540
494 732
805 365
750 429
989 940
553 787
367 368
295 788
446 432
642 78
418 370
454 781
896 897
820 84
30 453
40 912
682 150
98 99
543 486
648 502
152 335
430 545
71 612
486 625
434 435
453 677
150 676
269 627
706 894
887 151
563 27
931 194
74 802
490 451
657 628
856 20
383 325
178 630
384 964
286 392
747 787
998 369
506 395
883 153
631 841
423 397
680 962
959 148
501 502
334 325
315 46
609 264
769 253
420 513
566 567
794 202
202 290
854 970
4 571
902 903
164 937
267 392
631 854
827 500
593 333
266 167
104 105
577 59
697 390
821 685
666 811
633 634
55 657
319 703
957 694
593 454
758 521
969 970
628 640
171 172
214 771
33 467
492 752
454 231
529 819
573 825
335 953
765 766
634 54
186 830
473 594
29 883
949 294
238 239
353 943
12 421
908 936
323 17
925 351
283 655
303 304
657 307
509 180
832 833
379 70
717 65
639 640
279 68
382 718
368 820
165 720
256 84
233 137
976 410
95 661
866 538
477 726
370 371
585 296
482 23
759 597
564 358
867 130
192 486
1 918
706 707
189 151
116 841
245 726
759 947
501 194
561 962
41 438
774 23
63 722
266 556
572 74
66 202
797 192
145 266
7 561
375 728
34 435
502 503
138 492
410 685
850 957
757 500
302 334
987 962
420 326
838 839
72 811
40 41
672 254
569 570
880 432
789 839
641 675
849 853
302 455
916 385
376 377
502 516
808 34
389 87
986 77
702 547
270 624
905 906
917 206
8 624
107 108
62 860
905 88
273 814
226 968
92 739
634 793
868 206
852 198
771 273
895 568
229 744
399 630
443 444
892 270
253 54
106 758
794 149
871 332
463 278
177 180
452 119
239 240
497 801
450 689
744 641
331 997
398 4
334 514
912 225
867 748
873 270
575 576
456 359
459 630
152 887
64 774
375 407
595 410
306 307
911 912
938 749
248 73
877 510
113 114
381 831
687 120
642 643
306 428
127 951
256 836
663 702
415 600
547 756
368 525
65 487
173 20
49 250
819 168
461 423
466 767
956 631
180 181
42 476
140 782
484 592
789 639
68 613
494 721
366 950
774 775
903 660
904 67
890 169
960 642
542 654
247 477
552 847
82 669
985 177
535 880
460 477
312 313
699 722
963 768
963 539
930 362
940 821
508 144
258 198
43 44
763 599
405 891
763 370
931 183
229 665
582 29
393 773
952 242
921 663
379 380
200 149
29 496
958 959
650 843
158 906
367 491
391 619
302 510
873 70
314 106
934 494
125 850
973 422
326 611
92 444
675 499
46 971
814 779
81 928
888 499
924 156
511 512
125 971
156 284
598 400
720 97
703 453
142 157
279 391
950 330
633 623
148 874
435 638
567 40
847 848
878 161
145 576
761 808
410 56
965 315
49 50
665 53
740 870
86 346
67 104
107 405
580 854
286 407
236 815
160 2
803 108
698 617
4 923
895 865
741 169
116 117
759 452
695 696
222 772
731 915
846 865
505 572
271 405
338 166
95 408
496 523
881 859
972 223
902 918
919 333
409 985
701 339
684 695
519 362
504 993
490 829
360 719
437 414
248 249
449 10
808 586
45 829
995 183
532 947
260 488
461 478
584 585
367 62
787 419
606 344
984 933
349 193
333 185
725 709
26 671
573 840
570 542
611 543
298 83
944 460
839 178
646 766
271 660
100 778
403 550
482 25
432 433
565 319
812 425
951 769
242 309
22 40
968 709
16 491
401 73
871 776
791 487
717 309
956 591
768 769
584 948
823 476
606 707
9 717
826 710
160 620
297 137
118 394
990 589
174 969
783 784
392 374
48 564
394 972
428 556
772 366
868 74
83 787
821 487
905 895
671 728
225 907
724 325
835 836
322 22
249 446
686 972
290 218
157 857
900 901
848 253
108 443
674 854
527 575
38 384
112 333
640 452
431 49
345 800
618 141
279 446
243 523
710 898
8 626
206 870
567 95
360 519
967 968
698 780
674 157
422 616
169 170
212 806
977 609
219 930
792 334
621 452
841 455
505 506
812 922
493 159
916 979
331 60
453 989
520 521
948 968
602 331
390 411
496 807
884 394
347 226
144 126
572 573
673 884
385 188
882 240
412 291
926 512
931 627
92 57
997 163
653 124
749 61
341 532
564 281
588 638
973 974
944 44
770 120
720 299
367 935
711 708
902 47
21 298
29 122
880 931
400 65
9 180
704 705
382 425
192 530
674 533
679 648
154 9
832 890
118 315
417 648
609 818
623 487
609 589
633 946
572 936
116 427
413 125
592 127
242 243
935 695
911 109
173 143
448 82
747 644
771 772
617 305
836 837
41 374
426 710
321 428
954 829
442 425
309 310
87 197
942 482
413 138
490 321
834 131
500 780
935 708
903 904
249 151
856 829
235 216
1 49
226 662
684 79
787 729
886 671
927 480
710 711
705 367
490 213
586 150
751 254
825 203
140 329
429 203
313 257
346 205
455 606
441 442
996 206
132 626
228 563
756 719
360 224
585 608
777 778
328 686
519 217
510 434
161 280
675 501
274 157
69 691
614 491
624 684
775 853
508 509
837 684
725 214
881 727
573 574
113 855
844 845
691 337
773 147
374 401
398 987
888 851
46 47
650 979
789 91
376 447
197 179
909 910
353 463
17 514
53 171
844 966
121 571
219 877
809 679
728 754
626 972
640 641
318 627
356 882
571 807
276 630
92 809
978 636
752 330
577 63
587 751
991 575
413 864
447 448
862 461
12 291
683 459
975 338
997 97
727 273
815 120
25 755
947 276
682 759
976 977
248 9
178 179
68 307
632 120
296 171
67 348
196 987
722 279
9 114
317 230
878 526
514 515
767 695
610 748
935 279
986 739
986 510
320 649
75 818
278 423
245 246
140 718
346 823
299 482
472 410
310 311
659 236
172 606
626 59
581 582
667 585
451 472
702 54
346 944
286 893
239 552
646 647
376 823
940 636
981 637
150 480
265 955
203 77
318 64
356 319
686 719
961 695
708 249
864 991
950 11
377 378
638 419
982 983
872 357
390 842
720 717
393 359
775 424
668 298
219 206
155 716
709 70
184 185
879 481
586 902
629 306
787 892
455 190
713 714
945 17
93 969
924 897
705 301
519 848
765 86
30 391
608 139
95 786
444 445
9 719
785 186
181 974
251 252
605 484
637 961
199 735
815 967
395 381
959 194
873 945
670 91
694 448
988 666
644 856
845 846
191 322
788 312
408 91
536 505
503 328
314 163
47 48
561 269
318 319
590 741
662 92
290 220
763 669
587 443
22 405
383 384
724 448
875 92
324 972
267 209
635 376
912 913
98 171
634 905
706 256
226 851
307 281
114 115
852 81
494 107
509 910
182 515
159 797
164 875
943 613
905 92
65 344
34 802
882 337
450 451
109 158
656 556
587 685
881 903
191 456
961 374
443 677
336 285
231 3
272 795
809 505
181 182
10 529
693 559
524 750
973 613
269 231
601 741
913 976
154 924
713 393
393 977
157 175
663 572
415 470
19 470
406 650
660 503
20 880
164 70
119 822
582 583
210 711
471 752
214 830
424 411
625 401
5 427
423 940
918 919
191 590
120 121
433 352
452 365
143 253
649 650
855 755
238 298
12 709
301 583
494 483
605 994
405 640
985 986
317 527
420 948
905 468
187 188
641 129
315 373
213 591
559 999
540 720
526 822
297 999
484 825
83 481
749 76
778 777
591 133
255 709
155 771
475 712
404 14
629 361
433 486
162 895
680 363
415 846
280 887
720 893
319 320
140 89
213 833
115 32
792 954
99 438
571 662
10 100
958 842
753 144
87 320
37 499
885 71
307 94
386 387
301 20
495 788
649 208
722 723
983 498
377 688
242 729
354 970
471 323
710 605
484 33
984 319
646 31
866 34
978 275
793 495
839 840
643 965
319 804
957 566
468 146
640 630
280 95
376 557
854 855
939 145
490 807
419 109
56 57
943 789
291 634
906 907
293 643
790 695
67 337
64 591
50 693
623 289
435 763
388 917
591 751
132 991
479 281
565 55
957 579
29 755
440 289
428 989
674 227
266 173
868 507
123 124
893 271
196 868
213 283
543 158
894 681
47 250
828 815
699 176
652 330
459 460
679 692
720 235
95 412
692 402
986 620
707 939
591 993
867 110
915 861
528 415
999 0
601 930
315 307
576 577
774 821
428 184
402 949
923 163
873 571
245 248
336 366
487 764
965 574
21 705
986 633
292 710
22 849
629 66
919 808
148 665
325 69
578 249
270 133
643 644
927 174
536 252
503 75
663 64
849 483
169 724
186 139
604 423
920 134
997 354
331 264
661 139
132 549
944 464
101 970
539 644
296 657
87 254
405 600
726 655
196 197
775 776
715 496
635 244
427 214
537 611
972 14
191 203
663 427
254 673
240 738
842 843
928 617
504 555
160 745
91 157
894 481
108 326
178 799
630 142
120 794
464 604
923 660
694 800
255 201
821 612
549 153
380 381
191 216
306 166
531 550
182 396
359 29
632 861
607 279
538 445
579 446
169 53
974 975
955 733
494 109
507 48
302 582
424 279
682 803
336 166
179 219
15 754
970 223
343 327
928 980
617 41
512 513
765 693
923 84
126 477
337 926
225 456
404 687
552 585
133 867
417 397
848 849
535 389
316 988
402 762
644 524
551 333
98 536
323 883
445 580
579 580
26 367
664 395
12 469
237 816
719 590
25 933
625 174
915 916
536 65
357 359
613 56
117 118
301 464
48 18
980 981
355 700
850 642
98 778
872 172
605 57
579 822
522 288
990 393
711 712
566 65
122 88
120 244
369 948
240 80
798 573
523 368
811 17
351 298
339 961
843 760
249 250
175 72
584 765
754 422
702 232
778 779
705 8
569 376
825 302
670 953
943 294
585 586
12 724
917 830
511 142
394 789
376 183
840 812
138 311
485 355
316 317
219 384
401 132
356 618
56 851
529 546
455 368
658 956
73 37
711 28
644 792
652 653
996 426
638 718
836 962
291 610
324 558
126 48
392 433
717 718
767 81
488 666
653 962
894 536
448 449
219 626
859 20
737 323
497 607
918 600
818 433
804 498
377 919
50 561
721 500
784 785
383 441
820 442
61 161
892 89
792 151
511 626
546 95
978 506
515 516
463 326
372 733
386 631
361 49
322 323
599 860
851 852
529 801
257 342
821 680
241 105
270 806
53 54
237 629
507 224
916 917
919 434
728 866
714 968
611 52
152 935
389 390
746 627
75 459
823 93
176 282
742 922
28 118
148 183
454 455
786 699
849 230
983 984
631 273
617 109
154 873
185 186
951 628
710 273
455 986
885 799
417 694
205 811
399 825
521 522
283 879
503 882
312 119
214 779
701 345
252 253
320 882
309 6
59 60
135 607
372 291
575 879
167 825
594 892
368 815
588 589
999 123
25 183
857 713
953 421
400 474
653 654
648 310
171 651
652 466
36 197
165 836
886 367
476 469
808 713
921 590
989 990
353 25
812 310
49 782
302 208
720 721
898 993
557 434
450 79
18 385
369 908
279 197
8 377
657 557
258 259
870 786
973 241
97 570
437 904
618 952
671 24
728 329
951 78
445 206
273 917
446 845
40 157
325 326
600 265
801 26
733 794
390 391
290 453
246 154
110 522
867 730
451 34
776 319
208 801
372 909
348 286
397 673
958 215
457 458
484 561
121 509
938 502
453 753
698 786
390 404
665 343
656 789
670 687
279 802
749 751
205 624
604 104
793 794
777 32
185 120
737 633
525 979
864 445
745 228
523 115
115 815
760 738
256 710
842 282
365 882
781 797
206 300
674 405
802 856
50 992
298 828
62 63
26 369
862 641
162 644
418 341
308 469
418 112
456 367
504 115
127 128
280 407
151 485
44 130
995 352
241 415
977 978
318 110
442 405
829 585
135 662
621 821
992 993
770 126
723 51
931 983
189 80
194 195
111 426
369 721
503 950
556 813
415 837
652 521
165 662
901 996
839 118
421 359
154 15
536 80
95 832
439 413
530 531
659 416
442 418
428 254
235 88
610 2
61 955
386 486
556 934
702 234
261 262
627 585
49 608
343 826
452 732
14 735
757 550
743 652
784 653
261 383
38 311
341 83
934 597
464 419
576 660
309 545
532 553
935 943
714 715
580 486
351 663
138 784
147 109
721 610
623 38
614 484
339 279
399 330
989 132
729 730
586 156
770 502
663 376
908 557
897 664
267 268
425 854
616 156
712 618
83 861
53 164
107 171
115 749
973 780
735 908
380 680
913 914
335 937
741 393
487 513
299 462
851 975
104 223
260 470
339 763
444 62
213 166
218 244
451 452
346 695
681 914
743 331
982 613
10 480
660 562
627 385
219 65
45 703
91 819
466 467
428 175
460 393
99 939
47 483
363 231
596 927
802 803
86 596
475 408
857 473
843 575
581 804
493 691
355 986
689 108
372 401
4 5
33 706
304 940
216 827
701 347
783 645
296 298
378 596
919 920
601 116
487 997
657 654
817 414
552 897
696 124
866 764
16 365
998 166
819 689
650 651
810 640
708 592
818 235
326 298
606 581
28 604
919 812
986 987
141 895
409 188
188 189
456 906
611 551
344 436
578 374
872 592
911 520
412 836
720 723
203 204
72 916
1 218
782 783
196 430
627 882
295 143
539 540
150 728
444 909
525 605
139 798
895 552
363 957
69 510
19 918
96 613
407 734
849 850
272 546
915 652
51 52
923 772
656 657
363 849
812 675
512 154
439 844
351 731
387 388
538 557
216 506
340 801
183 329
384 90
802 603
303 919
848 719
163 387
961 367
517 619
956 23
723 724
660 375
868 324
790 633
306 291
751 907
75 395
305 857
434 742
878 453
910 442
519 520
210 704
782 112
728 815
855 856
757 55
239 358
347 571
328 292
746 805
586 587
531 99
970 469
393 394
775 459
16 178
114 713
752 512
208 348
922 923
306 654
645 120
741 582
204 643
419 302
367 112
124 125
690 765
726 230
987 988
63 640
550 4
87 997
720 415
582 939
38 58
562 472
139 140
460 461
405 525
364 487
592 351
156 723
147 903
406 80
116 543
256 257
522 413
362 949
236 544
389 823
676 62
282 431
651 5
212 601
116 664
592 593
848 290
182 200
256 149
756 701
178 724
809 69
392 195
483 542
323 324
851 709
868 124
70 898
345 837
983 370
501 367
704 955
298 267
616 842
531 475
440 845
321 665
659 660
874 548
225 139
791 550
205 197
710 598
893 948
19 155
263 781
780 253
665 37
843 309
270 676
308 968
46 968
220 855
657 856
597 24
910 484
29 506
791 792
772 550
593 319
782 972
25 737
481 751
965 312
745 43
93 117
354 158
63 211
937 738
49 47
329 330
705 617
858 859
335 818
787 390
949 977
508 975
971 736
782 46
470 454
888 738
60 61
563 389
838 328
512 572
448 816
319 931
396 397
845 223
974 108
159 161
177 703
369 644
680 48
929 981
781 854
425 172
922 978
974 121
528 529
579 760
912 640
727 860
267 875
864 865
451 467
735 226
387 711
550 180
66 67
16 246
482 948
599 301
255 528
263 352
595 596
378 827
161 75
336 601
449 249
803 481
931 932
893 640
375 714
693 57
884 591
87 247
56 668
639 760
133 134
69 607
148 671
922 294
831 701
473 727
82 842
966 71
393 475
150 717
79 19
851 535
161 88
755 9
32 846
357 902
214 328
43 446
814 360
296 663
532 610
265 266
525 607
473 151
474 790
651 194
601 602
391 792
694 564
205 373
664 133
229 730
688 490
289 744
788 199
261 682
214 570
374 559
195 328
38 610
332 333
614 433
380 266
903 270
495 741
438 207
517 500
173 690
61 220
849 973
897 721
668 669
568 667
783 326
857 275
622 903
154 569
80 354
556 549
121 392
160 54
440 108
827 554
163 510
302 817
966 568
429 629
603 516
71 921
800 801
593 737
194 991
662 342
748 382
992 971
932 166
205 857
2 3
986 439
265 642
397 798
779 863
880 915
407 991
822 452
734 339
338 339
310 240
535 624
296 113
838 396
516 345
263 165
3 763
405 514
78 119
69 70
776 686
220 468
13 175
967 402
91 997
337 235
227 363
746 928
904 53
405 406
355 814
630 753
984 985
154 6
241 648
479 705
413 122
965 864
123 548
431 664
516 479
796 533
744 77
804 128
802 284
415 841
537 538
91 192
872 528
238 885
709 241
869 230
728 254
29 482
77 967
268 269
873 874
0 720
817 713
75 76
555 713
51 685
335 444
574 726
968 882
274 959
906 647
70 900
560 10
256 501
178 847
860 652
987 198
142 143
721 722
592 608
17 377
127 737
283 267
715 678
897 655
310 629
855 429
428 850
323 568
268 632
736 737
868 139
765 620
228 681
619 337
388 670
355 493
608 673
828 676
179 267
500 93
106 691
274 275
917 381
36 632
551 31
726 32
901 787
5 6
528 47
500 214
610 611
73 406
587 856
582 512
535 437
251 678
939 261
125 273
316 807
705 619
14 176
710 145
920 921
46 165
648 987
118 4
78 871
978 633
169 235
122 123
163 686
448 818
547 797
611 58
756 153
458 459
976 156
223 592
741 289
405 340
881 40
979 575
253 471
652 217
473 474
794 795
343 630
119 885
585 392
281 654
102 423
809 810
532 7
518 109
459 697
517 113
11 12
305 230
577 652
890 102
583 359
495 475
926 927
341 8
956 806
400 588
362 67
924 773
657 658
688 8
775 650
158 947
277 144
414 644
254 426
993 994
0 775
382 840
806 350
252 730
195 196
543 421
54 193
343 67
618 6
633 543
55 566
210 211
531 532
701 714
11 267
324 727
948 820
184 424
860 478
320 204
86 37
977 245
168 335
687 671
828 381
764 891
368 137
120 789
693 193
328 738
371 142
703 615
500 27
785 425
36 566
755 253
564 722
144 99
966 207
855 605
146 145
703 736
197 110
854 905
274 330
394 395
349 918
892 379
561 508
184 558
115 687
734 436
192 153
541 41
123 53
730 731
23 869
312 743
532 746
925 152
913 852
677 841
961 371
171 215
503 688
448 752
33 281
286 461
224 980
251 854
377 993
996 742
127 818
603 747
606 264
797 798
420 811
234 392
676 737
695 750
229 48
147 881
964 911
604 339
862 863
399 873
504 926
245 177
219 942
974 286
404 924
78 939
926 511
948 270
301 459
810 336
760 744
520 991
929 930
932 181
794 742
832 997
472 462
131 132
7 591
943 47
898 570
92 406
512 763
116 763
37 470
385 658
753 825
467 468
720 648
613 522
453 304
296 586
566 181
549 537
380 994
404 119
278 717
419 656
933 648
878 712
807 243
523 484
555 473
481 487
173 142
706 871
866 823
202 843
291 363
888 353
136 489
62 540
361 836
120 481
502 546
343 1
548 433
534 535
262 830
46 717
853 251
183 951
121 73
682 369
95 838
599 600
428 489
610 237
823 759
823 530
699 952
969 584
158 76
810 2
151 854
935 936
484 246
52 94
934 482
879 546
428 610
452 967
59 255
675 487
666 667
191 374
770 724
840 2
594 498
797 369
776 246
137 30
529 783
9 784
344 508
908 550
989 246
204 205
168 282
742 783
781 482
332 390
282 798
235 457
738 785
160 808
760 544
705 608
94 454
364 49
845 93
459 552
459 323
271 272
620 914
558 36
138 911
568 495
336 337
38 680
184 734
561 455
404 508
863 268
987 563
918 729
152 930
664 324
810 149
672 673
460 265
718 560
219 876
131 763
941 43
137 514
887 746
290 527
403 404
582 635
134 216
149 753
956 324
586 754
737 923
82 699
739 740
90 65
50 932
865 327
672 915
484 864
42 519
97 189
470 471
844 389
579 872
921 343
828 115
654 228
76 22
232 764
254 294
152 246
317 579
14 541
575 874
726 518
831 800
8 9
868 867
343 753
871 872
144 772
994 979
73 74
317 700
253 944
721 295
0 535
807 69
850 705
820 8
579 885
945 942
38 9
444 660
898 867
833 472
953 537
409 410
452 780
340 310
885 110
782 426
625 708
938 939
382 721
932 370
753 893
658 67
140 141
305 474
470 16
200 192
761 717
433 888
371 10
460 762
606 816
124 547
762 834
877 821
476 477
385 847
849 722
468 64
601 593
231 794
207 208
848 470
424 142
687 781
971 311
186 499
184 426
800 429
122 514
660 126
991 145
416 668
168 337
980 252
608 609
370 966
939 894
340 565
964 658
969 773
504 902
339 340
375 34
944 945
979 148
146 147
63 378
808 266
16 37
675 676
871 322
155 152
413 676
387 394
920 857
852 430
9 973
367 681
807 687
213 214
774 510
810 204
796 269
667 155
272 794
564 148
63 391
849 280
893 323
807 808
796 161
966 572
38 748
822 564
165 294
285 359
480 800
576 508
345 346
111 179
157 295
186 996
900 339
74 297
579 698
766 524
76 77
12 587
48 244
356 360
194 298
629 226
245 529
671 637
647 51
468 574
944 503
113 346
412 413
991 992
714 226
194 419
58 824
452 714
567 701
992 170
130 700
515 16
239 835
748 749
321 416
457 11
935 575
799 943
30 203
310 486
939 465
553 658
988 815
265 191
36 368
148 609
149 16
267 8
544 545
315 722
865 866
142 242
345 830
205 298
702 350
996 302
880 356
522 648
183 953
635 296
731 758
590 782
576 884
134 539
82 83
842 774
147 212
675 368
231 620
754 661
891 895
514 945
531 360
462 489
149 29
305 771
451 71
527 618
828 546
35 681
599 494
342 838
404 255
925 664
882 28
185 854
813 194
185 625
986 351
697 248
726 949
900 836
380 312
292 199
149 150
737 320
998 590
728 729
580 602
239 43
841 377
483 669
877 71
474 849
706 189
620 903
307 443
403 151
477 100
97 633
721 726
485 486
215 625
667 197
89 220
467 846
11 566
327 277
681 546
648 857
708 908
535 428
898 251
718 549
281 282
266 159
519 339
133 569
113 856
591 858
797 963
620 98
635 901
308 277
511 865
160 113
612 688
109 333
348 349
912 391
380 567
655 506
718 562
215 170
459 796
891 453
500 568
725 686
701 100
422 914
920 107
815 579
667 452
465 466
468 737
198 647
929 866
423 994
764 506
801 802
703 230
562 291
736 178
135 712
61 534
644 589
69 358
363 347
619 7
426 632
632 471
384 406
948 448
260 599
939 628
540 882
713 810
18 19
565 417
542 699
996 115
913 346
572 53
868 869
319 132
53 656
356 428
590 366
562 533
240 482
918 168
964 284
993 756
302 313
622 291
85 86
392 243
122 382
810 756
945 126
802 114
454 828
22 151
619 141
894 346
217 363
258 135
287 836
202 203
111 610
307 256
496 421
317 715
535 120
960 821
471 364
784 595
462 315
934 539
538 539
662 80
717 770
958 78
779 601
741 80
672 246
792 311
993 301
864 416
615 614
109 25
45 269
838 134
554 375
605 606
412 965
965 360
179 205
487 321
700 614
423 565
519 273
412 147
224 850
69 976
480 547
549 152
36 570
824 91
862 383
784 958
281 337
440 101
224 742
31 347
853 684
223 517
369 571
737 738
704 332
745 333
332 689
679 504
288 619
91 748
996 854
617 40
460 322
135 525
916 861
859 327
157 55
275 276
804 805
981 438
274 576
475 566
764 440
702 794
366 808
6 7
143 241
151 361
293 939
848 969
342 343
975 744
942 338
828 990
611 467
146 404
853 0
954 577
453 295
645 236
572 926
634 343
470 878
743 744
913 172
118 426
482 888
249 128
474 475
842 642
135 780
59 4
702 110
905 698
864 108
847 464
585 693
810 811
97 609
47 788
418 701
12 13
486 835
541 542
255 939
722 819
390 80
969 696
744 83
105 362
642 72
877 878
849 779
916 540
269 729
420 373
327 145
79 80
571 771
161 378
942 943
680 714
143 738
0 955
380 422
289 792
740 728
789 886
30 568
341 201
673 674
585 827
953 728
51 102
772 424
629 604
257 207
954 135
964 594
692 135
675 491
353 440
480 481
246 85
801 78
971 718
420 615
542 312
263 897
552 505
211 212
992 777
780 369
725 433
670 497
357 37
501 725
279 612
408 268
210 741
740 741
325 728
251 550
889 312
814 892
547 548
222 751
953 970
841 500
395 679
610 604
18 692
312 910
810 369
760 548
278 279
80 523
331 105
10 464
614 615
388 797
553 339
768 264
828 803
831 549
332 865
76 939
679 680
137 397
574 398
141 516
977 788
865 318
182 813
383 803
154 980
806 906
460 269
410 411
828 924
728 986
113 161
932 227
674 457
475 513
631 272
309 221
903 465
746 747
37 287
614 39
349 293
63 461
207 883
477 478
236 123
311 940
116 472
45 3
284 285
437 527
210 70
965 683
348 943
401 52
833 463
669 769
428 414
15 16
166 185
37 300
730 227
878 879
998 981
831 804
974 358
707 243
944 452
25 411
980 109
560 755
80 81
416 67
117 414
351 352
378 943
832 130
821 237
592 414
416 417
519 838
770 420
109 940
85 317
945 946
147 148
119 315
826 702
93 851
58 76
643 766
784 476
498 82
136 669
604 774
731 815
423 433
538 420
483 484
772 587
505 243
553 957
501 538
214 215
291 664
819 820
612 490
958 898
211 146
390 148
290 210
21 22
620 610
749 495
969 764
284 661
746 426
457 323
622 656
123 972
71 553
615 616
418 782
388 839
88 89
905 311
332 678
308 92
206 44
887 671
491 442
780 316
312 965
339 573
153 154
861 389
682 683
126 465
98 632
74 46
509 203
841 676
951 319
132 216
656 896
202 460
926 262
493 380
80 699
66 801
468 323
509 324
220 221
748 606
533 681
156 465
992 966
178 224
689 965
357 226
697 789
293 699
558 216
141 342
504 919
3 637
999 861
556 557
107 465
327 697
406 990
0 339
798 90
794 614
601 973
865 265
287 288
548 292
415 702
303 232
352 353
431 646
104 288
701 278
439 278
530 396
516 461
22 892
167 987
487 928
431 538
307 997
480 925
199 646
92 291
419 420
83 471
864 807
418 461
676 985
965 859
872 402
316 184
8 68
808 646
792 113
11 73
926 867
971 115
475 931
566 295
497 461
939 577
755 756
791 413
925 642
672 987
749 416
381 20
702 341
690 775
160 546
220 597
197 842
66 130
420 362
887 242
135 903
890 284
826 757
844 582
352 608
943 295
24 25
851 706
937 709
409 361
532 660
320 252
862 306
638 827
5 914
941 370
705 359
89 90
727 118
66 372
939 940
700 429
514 10
631 824
285 150
180 659
326 713
141 142
435 848
187 783
741 137
149 262
570 26
282 791
939 832
767 311
304 321
156 157
763 835
515 504
28 911
306 330
880 602
44 855
682 617
575 491
263 899
492 493
533 494
82 329
390 445
541 89
546 204
577 42
955 897
705 722
853 620
710 837
916 676
800 730
743 196
46 39
255 149
642 558
342 266
27 928
960 86
987 677
539 258
977 669
942 153
654 918
377 115
676 677
131 877
863 503
463 569
64 823
833 102
614 738
791 105
823 323
240 2
131 998
406 937
569 406
233 228
780 626
73 764
95 523
764 618
585 158
917 631
718 916
317 572
861 470
229 230
872 336
808 809
261 182
579 986
902 444
188 872
141 531
89 829
377 478
294 709
712 993
388 344
579 878
101 839
799 881
403 881
348 945
324 588
594 183
525 349
301 870
365 131
543 403
875 876
782 648
9 469
960 691
77 78
256 309
589 226
797 404
673 597
43 201
189 26
259 765
413 414
220 773
215 429
853 420
256 201
374 422
30 383
122 386
120 542
712 188
920 366
128 137
403 76
551 765
64 381
86 140
726 766
707 487
380 129
359 6
859 63
585 763
671 12
717 653
664 9
545 546
187 838
677 473
883 541
170 376
841 315
796 838
133 494
711 205
881 882
553 33
425 787
678 967
681 713
607 498
693 538
612 613
180 956
137 320
249 561
760 713
946 903
569 916
948 949
651 433
150 151
618 256
111 159
518 25
943 726
165 166
617 970
309 854
744 745
384 210
86 516
953 101
903 509
655 673
108 800
479 447
118 993
116 395
262 220
891 391
307 865
587 919
282 283
807 922
961 608
433 223
88 683
811 812
212 224
143 124
406 992
55 11
552 817
982 667
500 398
221 983
618 619
329 516
906 268
402 994
518 388
349 350
178 468
307 878
76 191
884 630
464 44
37 465
116 758
685 686
591 233
921 404
475 583
152 307
446 525
427 246
481 482
356 487
386 366
817 818
528 715
643 702
426 933
13 535
869 456
19 20
801 995
548 549
119 143
633 364
889 290
421 710
555 710
355 356
411 436
884 885
87 312
161 261
376 186
4 543
565 839
86 87
383 310
949 950
849 783
594 493
167 197
948 762
473 203
459 305
502 675
343 130
422 423
694 845
881 937
143 742
946 837
770 611
277 678
676 195
271 375
340 734
629 608
885 534
119 506
559 778
251 662
485 600
397 487
218 219
779 552
985 886
644 98
189 686
95 41
554 555
55 871
177 568
572 609
264 227
883 501
671 93
285 286
104 211
785 838
890 891
678 217
278 512
92 93
839 845
770 974
38 796
864 609
537 214
621 622
509 152
244 635
904 910
747 438
981 376
134 211
996 913
442 98
297 912
686 687
212 50
57 930
974 107
159 160
720 456
91 928
75 920
443 858
74 466
690 469
349 405
839 269
753 754
463 921
926 682
475 517
171 520
226 227
792 867
332 882
46 525
291 292
86 826
626 282
650 639
347 867
543 513
634 631
405 808
820 821
744 8
322 810
341 823
146 813
22 23
149 64
627 628
775 526
799 883
384 641
318 287
29 184
928 704
694 537
587 411
955 578
468 985
358 359
270 475
275 590
691 239
893 868
444 547
423 424
450 69
353 365
600 242
75 128
701 819
85 321
112 195
459 239
813 242
343 64
188 190
59 305
377 843
243 614
559 362
27 730
490 491
366 196
572 301
498 86
300 367
257 963
520 370
888 537
593 360
101 157
899 137
582 430
403 199
530 11
826 827
788 306
306 266
110 391
339 214
261 789
674 958
438 193
28 29
668 655
869 645
179 198
230 429
557 558
248 971
592 781
289 743
316 617
355 545
437 89
230 550
152 859
95 96
898 420
658 438
685 312
107 335
19 451
160 161
901 610
557 800
257 508
921 30
802 833
140 862
740 103
258 854
454 500
96 38
798 310
101 641
978 685
632 277
227 228
172 292
416 918
490 867
438 677
842 501
267 566
592 97
673 988
184 797
563 564
241 513
12 690
158 515
311 757
20 56
190 696
92 161
861 635
484 685
881 321
924 691
738 43
294 295
147 770
264 766
639 680
79 757
547 862
643 570
550 342
173 126
544 298
411 412
141 588
512 989
456 828
196 231
583 640
715 530
49 706
66 121
71 465
747 748
902 393
766 761
497 573
755 868
794 42
782 476
207 245
162 997
410 833
587 237
762 763
746 1
634 699
317 763
889 171
784 643
760 57
696 530
980 60
183 948
300 301
143 731
31 32
522 764
90 841
179 132
288 304
670 369
496 482
601 535
881 589
573 436
946 947
812 718
220 843
536 783
696 772
324 900
148 149
542 305
654 546
318 597
915 587
700 662
240 677
559 659
58 377
523 736
667 192
75 317
641 957
484 485
599 960
57 677
273 975
51 108
780 254
67 318
783 259
499 500
330 957
349 970
337 852
679 552
973 770
701 82
238 92
573 570
600 673
760 662
37 38
135 344
916 909
446 206
38 677
652 311
179 387
744 802
422 788
64 814
413 968
907 42
480 729
750 95
834 732
952 953
620 214
33 683
229 329
850 447
24 634
249 981
710 144
816 45
683 684
576 558
199 342
686 460
914 553
938 910
97 65
974 338
924 517
767 799
63 683
192 568
335 122
362 979
467 278
173 60
169 584
833 335
221 222
110 125
674 692
469 997
197 538
770 171
744 936
233 232
236 237
640 61
989 740
815 816
121 930
647 222
616 872
454 810
963 687
247 517
495 353
624 238
734 864
835 687
711 880
204 820
234 928
872 690
757 474
8 127
882 883
770 413
792 172
797 287
217 466
351 466
260 836
925 701
199 597
353 246
482 131
248 718
45 130
192 823
123 952
319 598
305 700
902 461
420 421
155 941
272 294
134 589
120 654
533 69
565 775
27 611
435 436
569 665
756 757
825 362
112 426
708 716
26 93
358 603
908 252
261 670
801 126
751 534
374 547
336 26
673 614
544 729
241 957
552 553
679 365
823 824
623 204
521 193
994 642
476 716
820 489
732 376
319 732
888 889
561 494
103 848
946 76
543 891
882 320
268 686
670 666
835 16
619 620
259 314
942 78
415 561
878 322
960 132
294 271
170 501
421 83
147 517
389 545
955 956
688 841
636 156
880 553
157 158
267 555
527 923
610 894
902 19
642 846
747 145
172 173
493 494
314 751
565 333
786 975
156 579
51 297
269 227
463 507
243 992
246 509
72 585
237 918
336 631
484 566
289 290
354 456
407 282
560 561
527 118
208 338
414 443
488 392
625 626
50 166
518 271
946 452
381 939
2 125
339 942
356 357
961 962
543 220
432 352
60 480
693 918
674 639
679 983
369 3
692 693
167 54
353 998
948 390
301 808
535 746
464 277
805 341
832 178
630 983
784 632
894 275
911 444
154 236
838 868
244 129
230 231
323 422
287 765
20 421
937 352
873 862
759 760
243 429
688 291
65 837
641 475
899 999
824 825
987 294
667 878
648 599
653 943
873 983
446 650
955 756
26 27
974 769
845 884
394 194
494 132
297 298
440 835
302 376
468 116
722 935
450 476
273 843
648 720
290 258
362 363
45 427
12 250
891 892
724 486
278 140
677 640
66 486
135 91
93 94
833 658
588 302
698 699
991 426
884 71
302 618
498 264
429 430
649 433
845 79
253 204
662 372
651 250
563 366
825 551
971 605
739 713
794 420
887 611
496 497
237 731
999 788
737 559
556 484
181 570
465 100
561 562
693 718
220 40
857 331
34 35
650 267
980 667
190 511
548 219
897 898
658 387
649 796
272 846
900 149
616 390
638 149
192 328
99 100
161 749
233 100
766 563
441 803
628 629
306 578
543 33
283 860
880 850
892 675
663 852
699 509
184 854
289 116
201 269
1 881
235 819
238 336
964 965
117 275
166 167
503 984
606 439
850 799
352 293
756 154
772 98
532 345
941 55
261 296
283 55
233 234
324 352
306 712
923 617
861 934
584 922
782 412
298 299
55 312
946 520
335 595
963 689
113 290
805 517
474 646
634 635
656 394
804 292
391 648
12 63
41 535
495 476
868 987
715 479
835 810
305 581
365 366
664 928
956 807
854 759
205 350
821 582
754 592
437 656
774 241
204 125
426 992
295 243
701 702
971 297
634 877
596 356
744 254
105 533
160 957
399 485
872 934
407 834
168 323
990 926
966 74
351 710
103 608
70 956
290 205
665 82
133 487
207 436
75 482
190 203
833 834
84 487
35 36
134 15
435 909
446 21
556 418
346 608
371 372
890 708
95 208
628 671
399 848
834 776
421 903
452 216
942 80
379 906
102 103
551 195
103 742
211 275
81 165
339 689
590 271
256 920
719 681
204 501
438 439
713 378
33 619
888 904
437 214
435 104
271 676
808 386
161 804
985 19
775 209
563 555
673 161
177 748
958 330
815 281
171 445
116 509
114 584
399 982
570 571
936 140
196 101
454 625
836 461
285 587
183 805
307 871
379 222
128 640
436 756
898 787
880 918
878 808
738 276
108 109
725 980
637 638
172 767
700 169
328 526
804 226
514 918
578 179
316 179
402 182
388 284
302 244
269 592
332 123
175 176
739 218
754 755
881 567
124 359
50 410
454 759
646 700
544 652
115 246
507 770
496 352
861 773
988 814
905 816
812 588
762 996
449 536
787 6
121 182
676 175
120 711
307 308
449 886
738 760
22 324
252 786
966 129
194 781
284 711
666 776
335 676
674 896
374 375
953 954
514 355
750 891
844 1
241 196
397 480
242 606
732 433
704 371
826 68
946 133
791 784
491 492
577 266
298 851
892 314
506 507
915 712
827 828
598 510
207 854
978 731
835 194
866 261
274 386
898 479
975 433
460 253
248 104
60 53
710 135
483 910
519 567
891 210
44 45
990 189
816 36
893 256
707 803
894 895
672 782
302 983
283 741
792 847
360 924
654 913
96 97
63 445
932 103
197 408
596 679
950 911
659 210
325 859
834 736
254 161
111 112
690 691
803 339
940 839
752 559
111 462
713 567
837 108
735 326
787 516
18 5
955 329
936 87
821 100
822 739
228 229
535 911
540 989
973 90
840 729
107 878
243 244
936 208
979 807
564 565
24 880
270 118
316 234
149 57
696 455
390 937
371 924
589 100
444 648
6 422
87 118
23 591
47 948
759 925
638 406
192 814
44 650
641 640
830 576
164 715
319 360
971 286
53 884
910 47
631 632
293 78
721 525
671 704
374 188
709 407
427 428
716 302
19 899
825 474
164 728
74 17
401 183
763 764
694 664
986 284
413 422
843 235
380 474
396 189
998 523
588 130
970 195
450 425
301 302
31 441
196 545
958 77
531 535
830 831
701 946
971 770
489 538
145 728
761 960
594 554
296 897
198 325
748 469
32 33
414 889
150 25
895 896
857 375
633 667
171 84
520 726
938 485
368 369
492 664
664 367
661 621
153 151
466 382
787 437
88 436
828 963
962 963
566 963
671 262
308 210
621 670
5 401
51 288
519 393
164 165
716 907
769 770
399 742
186 863
500 501
101 755
329 619
605 968
727 665
231 232
363 388
459 621
82 863
930 206
357 573
38 39
477 638
582 691
466 745
20 399
796 391
567 568
603 979
116 632
78 111
817 450
627 555
627 326
632 633
635 150
747 391
907 343
855 153
444 353
777 499
39 533
730 158
105 106
872 507
968 969
803 407
481 356
819 617
370 525
117 345
392 55
218 885
686 990
147 187
699 700
162 761
174 61
991 54
726 574
762 756
75 55
214 133
24 238
898 802
268 598
639 807
449 646
237 238
624 647
581 48
486 942
123 890
357 828
766 767
918 572
689 749
505 174
226 759
885 166
730 292
465 775
526 233
536 655
825 529
737 416
117 479
304 305
87 536
450 359
4 538
904 300
102 844
348 82
408 133
129 718
31 146
867 647
942 3
369 370
995 832
46 131
340 837
197 34
279 369
270 549
705 706
719 604
550 832
834 362
707 550
176 362
479 134
966 252
960 178
836 142
813 653
436 437
279 719
587 606
215 734
121 547
47 332
630 424
203 616
103 678
772 773
235 797
651 483
964 714
391 263
503 504
635 889
19 391
760 70
398 978
925 886
211 133
891 210
317 442
837 726
680 486
162 618
588 961
317 601
207 514
733 701
469 282
206 7
146 456
65 844
408 619
826 252
538 336
932 582
900 502
471 473
589 40
754 93
294 661
902 940
467 355
717 862
728 811
304 400
627 843
829 870
179 425
255 183
921 632
750 442
468 393
932 674
187 715
582 97
402 715
968 44
245 906
891 161
280 903
643 550
298 682
938 68
714 743
739 923
222 930
505 421
780 566
124 377
78 773
107 516
784 798
333 419
461 168
258 212
518 45
473 27
74 654
711 691
767 472
390 351
763 408
876 199
406 38
10 256
117 726
939 139
334 686
766 475
496 472
69 84
561 672
248 730
972 448
143 482
840 285
861 165
174 858
18 621
102 181
301 127
547 759
400 172
79 687
781 11
693 279
157 451
366 182
221 731
35 914
691 545
221 452
713 48
856 650
830 535
656 678
733 675
918 105
399 706
315 454
53 612
4 49
790 386
785 206
951 255
383 930
244 204
93 16
431 28
14 345
840 196
696 685
64 225
981 903
98 816
855 850
680 171
741 171
45 425
524 110
835 334
330 575
641 194
639 212
956 554
404 961
438 123
237 218
108 365
331 177
15 411
669 323
12 398
217 469
225 67
673 834
285 665
638 377
44 68
906 223
420 308
785 613
511 104
729 549
810 944
870 582
175 257
982 97
614 332
646 713
397 694
946 995
789 710
136 340
179 650
779 905
704 325
871 682
493 69
343 18
623 933
599 459
391 523
655 759
238 515
601 721
13 238
21 631
777 918
127 316
242 755
438 775
249 634
81 61
140 383
510 303
206 155
384 209
657 38
243 945
742 612
968 454
756 898
336 137
284 325
659 805
778 40
533 810
424 663
832 295
768 24
234 867
750 339
350 248
